
                   ================================================================
                   Programa GENES                      ANOVA EM BLOCOS AO ACASO
                   Arquivo de dados                    c:\dados\Plano1.dat
                   Número de variáveis                 5
                   Número de genótipos                 10
                   Número de repetições                3
                   Data                                09-01-2019
                   ================================================================



                             ANÁLISE DA VARIÁVEL => Var1

                                  Correlação entre blocos
____________________________________________________________________________________________________
Blocos                                 Covariância         Correlação
____________________________________________________________________________________________________
 1  x  2                               16836.291656        .84995 
 1  x  3                               9781.410644         .671932 
 2  x  3                               11730.198733        .611351 
____________________________________________________________________________________________________
Média                                  12782.633678        .711078 
____________________________________________________________________________________________________


                             ANÁLISE DE VARIÂNCIA DA VARIÁVEL => Var1
____________________________________________________________________________________________________
FV       GL        SQ                  QM                  F                   Probabilidade(%)
____________________________________________________________________________________________________
BLOCOS      2      7650.747007         3825.373503 
TRATAMENTOS 9      395801.912137       43977.990237        7.8112              .012153 **
RESÍDUO     18     101341.6056         5630.0892 
____________________________________________________________________________________________________
TOTAL       29     504794.2647 
____________________________________________________________________________________________________
MÉDIA              524.464333          CV(%)               14.306773 
MÍNIMO             227.56              MÁXIMO              756.11 
DMS-Tukey(1%)      268.589295          DMS-Tukey(5%)       219.63673 
____________________________________________________________________________________________________
                             Estimativas de Parâmetros
____________________________________________________________________________________________________
VARIÂNCIA FENOTÍPICA (média)                               14659.330079 
VARIÂNCIA AMBIENTAL (média)                                1876.6964 
VARIÂNCIA GENOTÍPICA (média)                               12782.633679 
HERDABILIDADE (US: média da família) - %                   87.1979 
CORRELAÇÃO INTRACLASSE (US: parcela)- %                    69.4228 
COEFICIENTE DE VARIAÇÃO GENÉTICO (%)                       21.5573 
RAZÃO CVg/CVe                                              1.5068 
r = (1- 1/F)^0.5                                           .9338 
____________________________________________________________________________________________________

                             ANÁLISE DA VARIÁVEL => Var2

                                  Correlação entre blocos
____________________________________________________________________________________________________
Blocos                                 Covariância         Correlação
____________________________________________________________________________________________________
 1  x  2                               -112.195656         -.004294 
 1  x  3                               3542.784467         .187849 
 2  x  3                               5276.833267         .168454 
____________________________________________________________________________________________________
Média                                  2902.474026         .117337 
____________________________________________________________________________________________________


                             ANÁLISE DE VARIÂNCIA DA VARIÁVEL => Var2
____________________________________________________________________________________________________
FV       GL        SQ                  QM                  F                   Probabilidade(%)
____________________________________________________________________________________________________
BLOCOS      2      23388.899127        11694.449563 
TRATAMENTOS 9      297474.471937       33052.719104        1.3577              27.684993 ns
RESÍDUO     18     438215.3465         24345.297028 
____________________________________________________________________________________________________
TOTAL       29     759078.7175 
____________________________________________________________________________________________________
MÉDIA              441.587667          CV(%)               35.333821 
MÍNIMO             59.78               MÁXIMO              862.62 
DMS-Tukey(1%)      558.519835          DMS-Tukey(5%)       456.725091 
____________________________________________________________________________________________________
                             Estimativas de Parâmetros
____________________________________________________________________________________________________
VARIÂNCIA FENOTÍPICA (média)                               11017.573035 
VARIÂNCIA AMBIENTAL (média)                                8115.099009 
VARIÂNCIA GENOTÍPICA (média)                               2902.474025 
HERDABILIDADE (US: média da família) - %                   26.344 
CORRELAÇÃO INTRACLASSE (US: parcela)- %                    10.6522 
COEFICIENTE DE VARIAÇÃO GENÉTICO (%)                       12.2002 
RAZÃO CVg/CVe                                              .3453 
r = (1- 1/F)^0.5                                           .5133 
____________________________________________________________________________________________________

                             ANÁLISE DA VARIÁVEL => Var3

                                  Correlação entre blocos
____________________________________________________________________________________________________
Blocos                                 Covariância         Correlação
____________________________________________________________________________________________________
 1  x  2                               2127.238889         .384397 
 1  x  3                               5758.322878         .875162 
 2  x  3                               4126.451156         .580312 
____________________________________________________________________________________________________
Média                                  4004.004307         .61329 
____________________________________________________________________________________________________


                             ANÁLISE DE VARIÂNCIA DA VARIÁVEL => Var3
____________________________________________________________________________________________________
FV       GL        SQ                  QM                  F                   Probabilidade(%)
____________________________________________________________________________________________________
BLOCOS      2      5552.793807         2776.396903 
TRATAMENTOS 9      130739.355013       14526.595001        5.7769              .079688 **
RESÍDUO     18     45262.4773          2514.582072 
____________________________________________________________________________________________________
TOTAL       29     181554.6261 
____________________________________________________________________________________________________
MÉDIA              382.695333          CV(%)               13.103272 
MÍNIMO             270.94              MÁXIMO              566.61 
DMS-Tukey(1%)      179.4998            DMS-Tukey(5%)       146.784514 
____________________________________________________________________________________________________
                             Estimativas de Parâmetros
____________________________________________________________________________________________________
VARIÂNCIA FENOTÍPICA (média)                               4842.198334 
VARIÂNCIA AMBIENTAL (média)                                838.194024 
VARIÂNCIA GENOTÍPICA (média)                               4004.00431 
HERDABILIDADE (US: média da família) - %                   82.6898 
CORRELAÇÃO INTRACLASSE (US: parcela)- %                    61.4244 
COEFICIENTE DE VARIAÇÃO GENÉTICO (%)                       16.5346 
RAZÃO CVg/CVe                                              1.2619 
r = (1- 1/F)^0.5                                           .9093 
____________________________________________________________________________________________________

                             ANÁLISE DA VARIÁVEL => Var4

                                  Correlação entre blocos
____________________________________________________________________________________________________
Blocos                                 Covariância         Correlação
____________________________________________________________________________________________________
 1  x  2                               6422.540922         .904256 
 1  x  3                               4867.0732           .852879 
 2  x  3                               3212.057544         .674407 
____________________________________________________________________________________________________
Média                                  4833.890556         .810514 
____________________________________________________________________________________________________


                             ANÁLISE DE VARIÂNCIA DA VARIÁVEL => Var4
____________________________________________________________________________________________________
FV       GL        SQ                  QM                  F                   Probabilidade(%)
____________________________________________________________________________________________________
BLOCOS      2      1839.17894          919.58947 
TRATAMENTOS 9      141803.990867       15755.998985        12.5613             .0 **
RESÍDUO     18     22577.8918          1254.327322 
____________________________________________________________________________________________________
TOTAL       29     166221.0616 
____________________________________________________________________________________________________
MÉDIA              328.02              CV(%)               10.79705 
MÍNIMO             226.46              MÁXIMO              556.27 
DMS-Tukey(1%)      126.775842          DMS-Tukey(5%)       103.669922 
____________________________________________________________________________________________________
                             Estimativas de Parâmetros
____________________________________________________________________________________________________
VARIÂNCIA FENOTÍPICA (média)                               5251.999662 
VARIÂNCIA AMBIENTAL (média)                                418.109107 
VARIÂNCIA GENOTÍPICA (média)                               4833.890554 
HERDABILIDADE (US: média da família) - %                   92.039 
CORRELAÇÃO INTRACLASSE (US: parcela)- %                    79.3975 
COEFICIENTE DE VARIAÇÃO GENÉTICO (%)                       21.1957 
RAZÃO CVg/CVe                                              1.9631 
r = (1- 1/F)^0.5                                           .9594 
____________________________________________________________________________________________________

                             ANÁLISE DA VARIÁVEL => Var5

                                  Correlação entre blocos
____________________________________________________________________________________________________
Blocos                                 Covariância         Correlação
____________________________________________________________________________________________________
 1  x  2                               20178.635967        .810559 
 1  x  3                               50093.198878        .847311 
 2  x  3                               21038.540778        .762234 
____________________________________________________________________________________________________
Média                                  30436.791874        .806702 
____________________________________________________________________________________________________


                             ANÁLISE DE VARIÂNCIA DA VARIÁVEL => Var5
____________________________________________________________________________________________________
FV       GL        SQ                  QM                  F                   Probabilidade(%)
____________________________________________________________________________________________________
BLOCOS      2      7481.35574          3740.67787 
TRATAMENTOS 9      939341.54088        104371.28232        7.9911              .010466 **
RESÍDUO     18     235096.3205         13060.906694 
____________________________________________________________________________________________________
TOTAL       29     1181919.2171 
____________________________________________________________________________________________________
MÉDIA              380.848             CV(%)               30.007857 
MÍNIMO             14.92               MÁXIMO              851.41 
DMS-Tukey(1%)      409.088928          DMS-Tukey(5%)       334.529172 
____________________________________________________________________________________________________
                             Estimativas de Parâmetros
____________________________________________________________________________________________________
VARIÂNCIA FENOTÍPICA (média)                               34790.42744 
VARIÂNCIA AMBIENTAL (média)                                4353.635565 
VARIÂNCIA GENOTÍPICA (média)                               30436.791875 
HERDABILIDADE (US: média da família) - %                   87.4861 
CORRELAÇÃO INTRACLASSE (US: parcela)- %                    69.9733 
COEFICIENTE DE VARIAÇÃO GENÉTICO (%)                       45.8087 
RAZÃO CVg/CVe                                              1.5266 
r = (1- 1/F)^0.5                                           .9353 
____________________________________________________________________________________________________
                             COVARIÂNCIAS FENOTÍPICAS
____________________________________________________________________________________________________
14659.330079 -4269.022984 -4916.461508 547.548359 9548.472415 
-4269.022984 11017.573035 1842.177448 -2000.011172 -1234.541541 
-4916.461508 1842.177448 4842.198334 1614.464573 -7768.71452 
547.548359 -2000.011172 1614.464573 5251.999662 -5007.46776 
9548.472415 -1234.541541 -7768.71452 -5007.46776 34790.42744 
____________________________________________________________________________________________________
                             COVARIÂNCIAS GENOTÍPICAS
____________________________________________________________________________________________________
12782.633679 -3830.673067 -4759.469235 709.028558 9598.429395 
-3830.673067 2902.474025 358.424944 -1439.737274 -2176.310808 
-4759.469235 358.424944 4004.00431 1685.35479 -7453.483531 
709.028558 -1439.737274 1685.35479 4833.890554 -5405.190615 
9598.429395 -2176.310808 -7453.483531 -5405.190615 30436.791875 
____________________________________________________________________________________________________
                             COVARIÂNCIAS RESIDUAIS
____________________________________________________________________________________________________
5630.0892 -1315.04975 -470.976819 -484.440597 -149.870942 
-1315.04975 24345.297028 4451.257514 -1680.821692 2825.3078 
-470.976819 4451.257514 2514.582072 -212.67065 -945.692967 
-484.440597 -1680.821692 -212.67065 1254.327322 1193.168564 
-149.870942 2825.3078 -945.692967 1193.168564 13060.906694 
____________________________________________________________________________________________________
                             CORRELAÇÕES FENOTÍPICAS
____________________________________________________________________________________________________
1. -.3359 -.5835 .0624 .4228 
-.3359 1. .2522 -.2629 -.0631 
-.5835 .2522 1. .3201 -.5985 
.0624 -.2629 .3201 1. -.3704 
.4228 -.0631 -.5985 -.3704 1. 
____________________________________________________________________________________________________
                             CORRELAÇÕES GENOTÍPICAS
____________________________________________________________________________________________________
1. -.6289 -.6653 .0902 .4866 
-.6289 1. .1051 -.3844 -.2315 
-.6653 .1051 1. .3831 -.6752 
.0902 -.3844 .3831 1. -.4456 
.4866 -.2315 -.6752 -.4456 1. 
____________________________________________________________________________________________________
                             CORRELAÇÕES RESIDUAIS
____________________________________________________________________________________________________
1. -.1123 -.1252 -.1823 -.0175 
-.1123 1. .5689 -.3042 .1584 
-.1252 .5689 1. -.1197 -.165 
-.1823 -.3042 -.1197 1. .2948 
-.0175 .1584 -.165 .2948 1. 
____________________________________________________________________________________________________
                             MÉDIAS DAS VARIÁVEIS
____________________________________________________________________________________________________
281.83     614.46     436.38     334.8833   262.9067 
617.69     357.2733   379.8767   348.6867   521.2633 
544.6667   414.73     414.5933   384.3333   190.6767 
603.34     373.3133   426.6333   495.4667   212.1767 
369.77     418.7867   504.08     298.8467   369.9067 
598.2033   346.4133   302.68     255.5333   568.02 
602.9433   649.21     400.59     259.28     431.0867 
645.7733   438.56     293.9133   271.58     486.6267 
439.4533   380.5433   377.       290.6033   94.8133 
540.9733   422.5867   291.2067   340.9867   671.0033 
____________________________________________________________________________________________________
